5002434.0
4855297.5
4708860.0
4607472.0
4498308.5
4427554.5
4352001.0
4291288.5
4216944.5
4160795.25
4103104.0
4051134.75
3987562.75
3927588.75
3871520.0
3814038.75
3756811.75
3701970.0
3636427.0
3574951.25
3520066.75
3461092.5
3415169.0
3349452.25
3293901.5
3253069.5
3191286.5
3136746.75
3075437.0
3038749.5
2973257.0
2931348.5
2886946.5
2832005.5
2790367.75
2742858.5
2706742.75
2672170.25
2621638.75
2583561.25
2557546.25
2503343.5
2457882.75
2444714.5
2397811.0
2394967.0
2333996.0
2300385.0
2267776.75
2224947.5
2206587.5
2208148.0
2135283.25
2113568.75
2084688.5
2056927.75
2034074.125
2028690.125
1979410.25
1935142.5
1913780.875
1900953.25
1886385.875
1836211.875
1813334.25
1794943.125
1797669.25
1742239.0
1739848.25
1683680.5
1672806.0
1646857.875
1630050.25
1612819.125
1583504.25
1586179.125
1535234.625
1526779.125
1497824.125
1492412.875
1473439.25
1456464.875
1438765.125
1406201.25
1403475.625
1380255.875
1375718.625
1359131.75
1338550.25
1308591.25
1302813.75
1296045.125
1287830.625
1273526.0
1251442.25
1219313.875
1216146.125
1184428.25
1194956.0
1166467.0
1210414.5
1158853.875
1132137.75
1114318.25
1107657.625
1101402.25
1101930.125
1086687.5
1122567.875
1070604.5
1043764.9375
1022317.0
1046430.5
1010607.5625
1015710.5
996170.0625
991701.0
1020152.25
974537.3125
967992.375
957712.375
939237.8125
936686.25
918254.0625
918753.875
901725.5625
895691.875
889884.6875
882611.8125
889192.375
864454.75
858278.0625
853727.3125
848742.0
846076.625
822913.5
828150.5
826477.6875
835934.25
802111.8125
799313.875
800234.25
822003.1875
782608.6875
767501.6875
760797.75
759227.5625
791452.125
757365.75
730654.1875
774630.0
715239.0625
727962.5
709121.1875
741408.375
723798.9375
706602.0625
683932.5
698029.1875
695184.5
676824.125
681155.125
677955.1875
700441.25
681073.375
654910.25
661708.625
646870.375
642572.5625
637970.4375
648618.5
623115.625
605954.6875
599989.375
595763.3125
593889.25
582288.0625
598068.375
586575.8125
586608.125
571921.4375
553419.875
547609.5
554478.3125
562765.1875
535849.3125
507187.0625
515205.40625
514005.28125
545251.25
506134.59375
504581.65625
517238.78125
487975.15625
487049.8125
550314.5625
526138.6875
536380.0625
475974.40625
478929.46875
442991.46875
436968.375
462239.0625
456883.09375
469894.625
450786.03125
446068.15625
414736.96875
405594.9375
437655.0
433290.25
422482.96875
411461.375
404918.4375
376920.8125
401788.71875
403619.375
405406.25
372487.28125
389030.6875
419188.75
377549.5625
393555.84375
377310.8125
392464.9375
355929.625
357397.0
366312.125
377827.59375
360372.65625
374379.3125
376651.9375
336794.625
354796.84375
357555.65625
352858.8125
334503.75
340649.53125
342842.875
359543.46875
359941.1875
362671.1875
319767.15625
322007.0
358316.75
387806.03125
327730.375
332693.25
331753.46875
326765.125
327741.15625
319999.84375
326039.65625
330947.65625
320444.59375
306952.59375
340705.53125
315237.3125
304680.0625
325929.0625
336572.65625
298801.25
375996.0
319331.1875
296833.9375
330592.15625
354478.96875
293310.90625
314901.59375
299132.125
295020.96875
299681.53125
298553.75
282301.15625
316370.03125
286804.34375
269509.78125
271503.625
285589.5
295922.09375
281774.03125
284365.875
282107.375
272667.34375
259217.359375
271321.5625
280603.25
327928.21875
267154.78125
306031.71875
258772.921875
261701.84375
263189.40625
261943.84375
270684.4375
273902.3125
278363.4375
277339.625
272186.59375
301362.59375
282722.3125
263630.84375
261793.859375
290308.375
256307.75
241228.6875
267372.75
268895.09375
256064.5
276728.625
245354.421875
275240.65625
245211.609375
273818.53125
257017.921875
261208.4375
236230.1875
234169.203125
238841.625
260968.03125
258562.34375
260256.84375
243366.84375
260999.625
237235.5625
252252.78125
227718.625
225881.625
263083.15625
235855.890625
234504.328125
248862.234375
269775.40625
232399.5625
230717.59375
225004.328125
239625.296875
237867.359375
218148.59375
258229.859375
207242.359375
221755.375
233924.21875
241483.390625
270568.0
246127.203125
251912.3125
239011.734375
226137.796875
244854.40625
259324.21875
218771.140625
208991.109375
213632.171875
214852.890625
231744.359375
219664.65625
224603.203125
221526.859375
234490.546875
272354.4375
201503.296875
223371.140625
245573.9375
209513.265625
213065.828125
261322.625
218159.015625
232657.46875
231457.171875
217865.890625
218635.359375
197191.25
243652.265625
200124.9375
233475.546875
203294.34375
227092.515625
205635.5625
219142.734375
236047.703125
214642.71875
205070.703125
218756.953125
207268.796875
212478.3125
218039.78125
232623.5625
239299.390625
209864.390625
210321.828125
227118.890625
221250.234375
223016.484375
220264.609375
195750.8125
285735.125
226311.265625
195878.578125
230327.53125
233470.59375
221718.8125
223043.9375
211793.046875
194658.671875
213864.609375
237246.53125
200538.578125
209769.921875
227248.390625
194663.84375
206030.84375
182313.875
189917.015625
228436.125
220521.796875
210934.171875
192838.375
240311.0625
219370.25
188950.96875
185002.140625
199768.78125
220559.953125
199057.90625
224203.015625
178292.75
199669.609375
179928.25
226675.46875
180042.265625
214095.34375
215292.65625
256866.875
206281.171875
196638.359375
206797.4375
186683.46875
185502.03125
201720.875
176239.234375
207083.171875
180231.859375
201355.78125
170678.234375
231546.40625
214069.71875
197786.4375
193246.03125
205782.828125
206006.875
197961.65625
193878.5
175998.734375
213499.59375
199685.734375
237929.859375
208094.109375
192877.953125
213446.203125
182200.34375
174553.328125
202046.0
217138.9375
185583.796875
172020.09375
187501.984375
205213.46875
194379.765625
177353.078125
158824.546875
155974.796875
189810.34375
191145.390625
172353.84375
164222.015625
213254.0625
180201.28125
189626.46875
172431.921875
192341.453125
188169.21875
175714.875
194452.984375
194596.484375
195632.984375
168777.234375
195934.734375
193749.859375
164691.5
194741.765625
165129.453125
175074.1875
189051.171875
203517.71875
196185.609375
188941.8125
166939.03125
190091.140625
163567.453125
207252.171875
173748.125
176105.96875
214997.15625
209694.546875
201716.078125
188956.03125
184163.921875
188866.5625
190502.546875
187372.640625
217401.78125
173613.5
165721.109375
185920.53125
181092.671875
192462.1875
172066.359375
197108.6875
184883.171875
213941.25
179555.25
222449.6875
204240.078125
163998.796875
159839.203125
168536.28125
183778.046875
158922.078125
166978.8125
175706.96875
146454.78125
152167.546875
169884.21875
182303.828125
206817.453125
161055.03125
168635.21875
171816.75
176005.828125
172837.03125
166761.609375
190311.46875
170865.5
167843.09375
151331.234375
206436.34375
174799.359375
179749.1875
181074.421875
182896.3125
208297.625
183003.65625
179541.875
182413.890625
202200.40625
176411.765625
161023.859375
162403.953125
161304.484375
190091.15625
185305.015625
188957.203125
183621.265625
190580.8125
175269.109375
155507.71875
174188.8125
172468.359375
174613.328125
156201.234375
153406.984375
167888.8125
178646.5625
170611.734375
160332.109375
174740.03125
241166.796875
179042.40625
167356.265625
174106.328125
184035.640625
172711.40625
154442.328125
166992.078125
181037.671875
183209.296875
188077.171875
183852.0625
150145.875
151175.75
180417.453125
160142.65625
184819.0
222101.65625
203193.625
169450.375
185545.65625
185140.203125
182450.84375
155710.75
182045.859375
160093.453125
173548.359375
220500.5
164326.90625
148425.484375
151599.828125
160960.265625
192282.5
183710.59375
184009.53125
163859.296875
174247.328125
155121.75
156688.390625
151670.9375
163903.921875
158813.078125
185361.171875
159817.515625
164412.25
178321.84375
166566.0625
157289.671875
180138.5625
181576.5625
171471.078125
183452.1875
180676.046875
139144.5625
141522.171875
160083.40625
139313.53125
139038.8125
165163.6875
163193.96875
164465.75
167952.046875
151367.15625
167291.234375
152928.375
147358.890625
156534.890625
170507.828125
167384.765625
173644.671875
194883.21875
148910.828125
158430.921875
147779.28125
166727.953125
157483.25
159585.234375
174600.75
156242.640625
161542.90625
171638.421875
204982.6875
196522.140625
151190.75
151287.546875
145425.609375
155696.421875
166360.484375
152431.46875
158433.71875
171708.015625
149848.171875
165874.0625
165696.0625
148407.921875
149268.578125
157160.53125
152859.1875
158933.40625
154483.84375
150605.59375
164937.921875
139946.703125
180262.0
163739.28125
162400.71875
132475.96875
147096.875
147922.109375
144494.828125
178264.09375
171406.34375
147481.84375
165600.15625
156411.15625
155164.5
161260.921875
148322.4375
161404.484375
148926.78125
151086.921875
142083.546875
160557.640625
160287.5625
175435.140625
150497.1875
148636.640625
176011.640625
183658.796875
153604.28125
143576.3125
159382.53125
137561.578125
188472.34375
174059.921875
186193.140625
148242.4375
155757.890625
146818.03125
138330.5625
144945.703125
135785.1875
146446.640625
182776.734375
158621.40625
172576.640625
151351.484375
156087.640625
122002.6171875
171901.34375
163530.53125
131241.984375
245662.46875
156452.484375
140400.15625
159853.875
146773.234375
196934.984375
143266.484375
154203.046875
143542.3125
140676.765625
135271.828125
150825.03125
153632.84375
189608.421875
153483.78125
136913.1875
131952.03125
147568.78125
163663.609375
149260.59375
167279.625
175646.328125
153887.796875
179726.453125
144329.375
137613.453125
158099.125
177470.265625
153732.109375
159777.921875
155646.6875
146380.203125
148163.421875
147396.734375
159036.09375
137798.9375
144509.390625
154980.390625
135980.03125
155386.203125
160169.296875
157355.40625
161284.265625
136072.890625
133929.828125
155721.421875
152878.53125
137405.421875
151352.59375
138732.28125
148578.515625
140194.0625
146299.90625
161386.859375
143878.65625
146185.265625
161295.296875
154879.546875
124361.9375
151767.5
136786.609375
186219.890625
172461.765625
151803.578125
162646.734375
179637.171875
137994.15625
138576.40625
141815.40625
126185.84375
161994.578125
146554.21875
133362.328125
173230.203125
166346.984375
124069.0625
148595.734375
168417.046875
155277.484375
144101.015625
132071.65625
138314.578125
133148.765625
150363.421875
150516.265625
144510.546875
149602.75
136755.890625
213120.015625
159373.40625
137068.859375
157814.5
144592.046875
138555.3125
117438.2578125
135332.65625
168529.078125
153640.65625
121463.8984375
141743.953125
140290.84375
152251.109375
158214.640625
131874.25
138968.359375
124910.09375
174564.28125
171738.1875
176264.90625
140274.875
129215.9609375
125279.9609375
132569.96875
135681.890625
159370.90625
141109.984375
149134.21875
155266.9375
136856.171875
154518.96875
167710.28125
141942.390625
141290.734375
139223.28125
172133.671875
157104.53125
159236.609375
135280.296875
146545.65625
168939.3125
161577.453125
158414.34375
144254.96875
156097.96875
195754.96875
161952.890625
157139.390625
167552.078125
140319.28125
128694.609375
143639.375
126180.609375
142236.046875
145403.140625
134043.234375
139545.484375
128643.9296875
142538.3125
203674.046875
183051.015625
188732.921875
149671.359375
152216.609375
127317.3359375
146523.96875
139968.3125
158658.609375
141975.9375
139644.828125
147828.375
141006.84375
167259.96875
147729.65625
142962.21875
151847.53125
163627.609375
148710.296875
156495.609375
142441.0
151562.9375
154237.53125
151931.921875
140930.125
136874.53125
158746.78125
135722.4375
129493.9296875
138185.40625
161415.375
133212.5
127342.1796875
139521.296875
193349.71875
169241.015625
134681.171875
140771.78125
154258.59375
170928.375
143427.21875
125849.7578125
145842.984375
128228.28125
163305.234375
165930.140625
157283.75
136152.484375
151282.21875
150741.921875
170342.96875
151554.15625
125507.265625
168996.828125
154440.78125
133265.203125
140543.703125
136247.1875
144613.640625
171845.484375
138629.421875
132632.765625
147317.75
146538.9375
171512.921875
148711.0
160030.46875
132919.40625
131103.765625
142215.78125
123513.2890625
139502.421875
181895.125
141480.015625
161447.953125
143830.65625
126388.8984375
139212.734375
134616.5625
131561.703125
147996.90625
155604.671875
139981.234375
131223.5625
118514.1171875
129305.1640625
115893.78125
156703.953125
141542.046875
131398.53125
153419.234375
182150.25
154463.84375
139674.28125
137586.953125
133289.984375
126848.7265625
135598.28125
147286.671875
160876.921875
149228.640625
140543.859375
161721.890625
161659.03125
129339.8359375
159604.65625
144303.15625
148980.125
160866.234375
131679.828125
159216.03125
165635.5
148667.765625
138811.375
129229.9921875
128260.171875
128795.4453125
144018.78125
151665.828125
174230.09375
139041.90625
159538.734375
150984.125
144680.46875
136457.234375
137670.9375
134384.359375
143119.453125
148686.296875
136306.546875
133420.6875
143358.296875
131054.8203125
137187.421875
169477.875
140103.171875
128884.6875
153909.265625
157078.953125
150694.453125
143312.828125
164174.859375
128345.234375
129744.984375
134285.953125
138563.203125
149959.671875
143435.609375
182858.03125
125271.59375
110360.296875
148983.140625
157894.0625
146247.953125
143278.03125
167493.78125
145221.34375
163680.96875
139793.6875
158104.875
148523.890625
141062.671875
124008.0234375
139195.4375
138286.171875
140972.421875
145373.3125
141201.484375
130257.140625
131242.25
148562.609375
150669.328125
164084.796875
166887.609375
133780.953125
142101.65625
146097.125
135624.390625
150465.671875
146954.765625
144129.265625
157912.203125
155011.78125
270967.21875
135542.8125
147821.328125
139273.640625
147361.421875
142090.84375
153206.734375
137605.421875
165552.140625
141299.265625
200952.6875
161454.015625
170222.296875
146774.25
165418.046875
148523.21875
139349.703125
179517.40625
160324.828125
141386.453125
152322.5625
133536.28125
142215.4375
140322.5
142528.6875
171878.453125
171543.8125
161300.328125
147063.578125
138914.78125
142207.96875
132439.625
162323.890625
179636.953125
163018.8125
137178.328125
164537.8125
116420.109375
129789.1484375
112760.1953125
157301.4375
134039.09375
143738.484375
134653.28125
121582.203125
161271.578125
135465.71875
140845.84375
155528.796875
131949.234375
148030.46875
133075.234375
134578.40625
139919.046875
147635.90625
130997.046875
162301.625
148401.78125
148708.5625
147528.609375
112372.5
158325.625
143486.9375
145120.46875
146139.84375
139419.09375
127774.7578125
143518.453125
183251.140625
133494.421875
147173.125
138876.0
145402.875
155622.4375
128825.71875
133432.0625
129826.5
148547.203125
159183.6875
139614.296875
114776.8515625
157453.234375
138693.765625
124478.6015625
148957.28125
136511.015625
146279.828125
125460.1796875
140862.28125
135752.046875
133846.21875
131029.234375
131377.875
125450.078125
145684.375
153026.359375
127002.6796875
159433.03125
142037.71875
139280.171875
151239.296875
154376.578125
156165.671875
124386.9140625
144622.578125
107228.0
121016.3046875
130939.3125
135065.796875
139293.265625
142221.203125
165881.625
135523.4375
122912.1953125
133032.15625
144293.578125
149008.859375
189831.546875
145763.21875
150861.796875
141965.046875
147661.28125
117146.7734375
147794.265625
143496.625
140032.703125
127332.2109375
148106.375
157683.84375
127533.6328125
127544.6171875
130225.34375
141500.234375
135151.8125
130262.421875
128179.5
122322.890625
135328.234375
119349.09375
118128.9609375
153370.78125
134646.890625
144645.984375
152649.65625
142726.75
143430.09375
120566.5625
131986.421875
131999.125
153115.78125
142197.40625
138245.1875
149420.1875
154254.78125
123786.03125
131941.125
136117.328125
123306.8671875
178550.9375
154506.46875
124501.4375
134637.8125
127938.7890625
136563.9375
145535.109375
171444.9375
142929.171875
124796.4453125
138690.109375
136493.203125
151621.46875
139948.984375
144026.28125
160897.9375
162874.296875
153782.5
137495.359375
142382.109375
141918.875
136042.34375
146837.515625
161951.84375
146666.421875
148536.03125
118238.2890625
136081.34375
141766.515625
132689.75
136485.84375
139403.671875
134405.484375
136328.4375
148714.546875
147524.140625
158899.25
149817.953125
141465.375
127743.015625
134858.796875
143865.015625
148461.015625
135856.046875
141425.546875
137629.0625
124846.6953125
149135.328125
131829.703125
153275.234375
164636.671875
152596.28125
157381.546875
124779.7265625
123246.828125
147268.796875
130703.1953125
136315.28125
159581.796875
142073.21875
143653.0625
123779.9296875
181121.515625
146500.328125
142750.8125
156097.328125
143860.5
110071.015625
132965.21875
160872.65625
135576.390625
123147.859375
139493.671875
144708.796875
154605.5
137807.34375
149776.546875
147126.5
110365.3046875
137343.59375
134531.3125
151547.046875
140870.453125
139745.203125
139906.890625
130193.0859375
123396.2578125
154384.0
131689.296875
150689.703125
149949.296875
121966.2734375
150663.96875
140383.84375
144243.515625
135578.734375
129311.453125
150625.53125
133412.5
139342.953125
127366.546875
181822.75
154888.71875
136683.125
144950.390625
139364.859375
126084.984375
121074.0546875
127533.6484375
156580.625
128119.2734375
139479.765625
128986.46875
135211.546875
120054.3203125
148911.265625
172189.109375
133971.6875
158975.671875
148397.078125
119577.5703125
132964.265625
151423.671875
132482.359375
137631.671875
134014.265625
119868.7421875
142734.609375
119689.875
111356.375
116605.484375
136144.796875
139812.84375
138856.65625
155499.296875
138347.84375
125986.6015625
121880.09375
144589.046875
157362.90625
169375.796875
133705.21875
159141.203125
132863.09375
124437.0
130544.9375
119508.8984375
119144.640625
160515.359375
150136.53125
145743.5
130502.0234375
134304.796875
137141.75
113363.03125
129317.9296875
172033.140625
118196.4375
130667.265625
150449.625
148428.734375
118077.8046875
136739.59375
161013.703125
154521.15625
132435.15625
186491.8125
131746.96875
137637.90625
133019.96875
116817.9921875
127655.5703125
123259.6796875
128362.2734375
135663.0
115146.2109375
141893.25
122851.5703125
128035.5703125
126985.53125
135589.71875
143395.734375
129969.7109375
136487.78125
145798.8125
166512.15625
128611.6796875
125479.9921875
133892.3125
140919.46875
136983.15625
121816.0625
145455.890625
108566.84375
132140.40625
141543.03125
155082.125
160930.125
124379.7109375
143563.125
144305.28125
135415.953125
148035.578125
145827.234375
130026.0546875
112367.59375
141388.5625
122921.4140625
150554.9375
131174.359375
123243.5234375
129668.2421875
139032.78125
173186.78125
131446.71875
128819.0
141542.53125
124724.609375
130290.6328125
141373.453125
133831.859375
124872.8046875
129757.625
133887.75
128890.78125
120079.5390625
152049.046875
118841.75
161395.796875
133883.5
147294.40625
146028.15625
148080.875
127185.5234375
141614.140625
127696.875
151611.34375
139187.265625
133629.84375
134066.890625
141147.296875
135833.859375
124323.3671875
118869.828125
148362.09375
150906.4375
144576.375
142300.375
116831.40625
183447.140625
157310.109375
130643.1640625
131683.265625
145781.0625
132255.34375
132023.765625
142337.625
122722.4609375
133546.84375
133078.734375
134155.1875
129443.4765625
155044.453125
129187.875
139062.0
121654.875
122939.4609375
146960.953125
157345.796875
140584.859375
125011.1484375
142999.28125
137594.390625
117509.03125
127897.8359375
140072.828125
120609.0625
130601.640625
134983.40625
119459.625
138924.109375
117225.78125
142563.578125
137296.609375
146415.109375
145928.78125
145753.125
127006.2109375
147886.90625
123168.921875
133160.0625
125556.625
134448.1875
126746.15625
132871.109375
117023.546875
139713.078125
111613.765625
157452.140625
143932.9375
135379.671875
123780.6640625
135802.734375
130147.8125
137796.5
125143.515625
124215.09375
160077.03125
132333.484375
161478.203125
127106.6015625
132457.484375
144411.15625
124082.9921875
111192.859375
146114.21875
144213.34375
119376.703125
124676.0625
140948.3125
139830.671875
139315.53125
129899.953125
114010.1875
109403.9296875
133542.21875
151217.734375
119293.515625
123741.53125
155355.203125
143112.171875
137108.03125
121974.296875
142523.390625
135143.53125
136743.890625
141278.515625
134469.0625
136382.0
113291.3515625
113863.1328125
132813.09375
117809.9609375
147986.390625
116204.3671875
132629.421875
142685.234375
136844.015625
124631.984375
141080.28125
120859.875
153596.96875
132455.3125
157272.546875
120314.0546875
128851.0703125
144221.359375
149927.375
136235.5625
147866.421875
138581.234375
134481.3125
134974.3125
143908.3125
150400.125
139984.09375
123162.7265625
134515.515625
150233.1875
150821.234375
118572.7734375
137470.125
114329.65625
147916.796875
137069.953125
149347.140625
145130.28125
124831.59375
126423.1171875
139330.03125
133356.46875
123782.8203125
130370.2890625
130990.7265625
105367.1953125
117831.3515625
122568.7265625
160534.0625
177687.71875
134159.765625
127544.9296875
126305.4609375
123271.9921875
117000.1171875
120635.1875
152532.90625
140209.265625
134559.765625
111808.5546875
151897.453125
125902.34375
132741.25
137877.5625
127674.671875
161909.671875
123485.3046875
125088.0703125
126925.3828125
133675.75
144282.90625
129957.734375
131531.78125
118943.9375
135508.203125
141323.328125
181408.5
133622.265625
135813.28125
126429.8828125
115947.875
131462.40625
126440.671875
138037.3125
122152.8984375
120261.21875
122340.171875
125493.65625
124954.9296875
117834.8671875
139232.78125
184614.703125
132265.671875
139619.65625
131348.96875
123634.2421875
124809.71875
125418.0078125
127464.7578125
143900.671875
151478.21875
151733.296875
138973.65625
116026.6796875
118607.5234375
144811.671875
125055.765625
139951.0625
177995.21875
151072.3125
137468.640625
135904.671875
139249.15625
142198.984375
126218.4375
153496.671875
127742.234375
131416.3125
167731.125
144562.828125
135002.359375
118998.703125
147515.015625
151394.859375
148192.8125
126947.0078125
131830.84375
135252.65625
126715.6953125
132660.9375
126759.875
137492.96875
143280.578125
154074.59375
135344.203125
117947.6328125
128242.8671875
134933.875
127147.671875
138453.28125
131827.84375
152161.59375
156485.28125
148538.84375
111322.5
132451.34375
134470.203125
110241.7421875
113959.875
142144.296875
125837.34375
121967.2421875
137812.515625
119753.640625
143487.21875
144164.4375
116590.1015625
111213.2578125
136382.3125
137025.359375
139025.71875
170226.1875
124304.6875
134643.171875
124276.46875
141008.484375
120751.703125
112771.2734375
132179.46875
136875.046875
116457.90625
143401.90625
154791.875
151381.875
129447.078125
119645.7890625
130280.1484375
133476.421875
132231.046875
128467.5078125
114038.7578125
118394.890625
121153.890625
135721.234375
143486.828125
118343.96875
118177.9375
120759.953125
122185.890625
131912.234375
128233.4609375
125434.5625
147797.265625
126000.421875
147322.09375
139016.546875
129013.203125
108097.3671875
125554.5078125
118336.3359375
137160.984375
147879.8125
128116.0546875
120591.8671875
148136.984375
122486.1640625
126694.125
139845.53125
125614.1328125
140243.921875
116511.28125
145775.671875
117496.46875
127455.359375
133035.09375
144137.84375
121053.3984375
130973.234375
143630.546875
146367.375
127752.140625
126334.3984375
131708.1875
114981.484375
152738.828125
142206.625
171932.28125
124126.203125
123287.9921875
122196.84375
110327.734375
121926.90625
112859.8828125
127571.8515625
152145.90625
145562.71875
169019.96875
130736.0
138202.234375
108051.3203125
142588.3125
141905.78125
121913.7109375
196592.609375
120324.9765625
113654.0625
126625.203125
108627.09375
166127.921875
107602.21875
138429.265625
133392.296875
119623.828125
111575.328125
124223.3671875
136004.21875
165473.8125
141920.828125
115949.390625
119134.34375
122267.46875
138622.46875
129860.8203125
150425.0625
155499.28125
127929.0078125
156810.859375
120826.0
121553.6015625
140115.96875
156617.296875
126061.703125
152240.640625
128197.046875
117504.265625
129813.796875
126009.5390625
127228.8203125
113183.1328125
121168.3125
127016.3359375
116064.9453125
124521.5
130832.46875
127491.8359375
142049.078125
124252.703125
127555.0703125
136971.28125
137111.765625
118958.3984375
123166.1171875
116997.625
128209.1953125
136574.4375
126660.953125
145334.203125
131968.84375
144178.375
154231.53125
132663.96875
109672.3984375
144170.203125
129298.375
166196.046875
135959.078125
136110.84375
127085.40625
166181.265625
122760.4140625
120526.9453125
122964.921875
116469.1015625
133344.515625
118733.625
124637.703125
134075.890625
138045.375
115105.078125
126596.3125
157533.546875
136246.671875
131915.375
116533.3203125
128770.65625
107746.765625
134064.0625
134206.0
139372.484375
126177.046875
120647.59375
179757.75
127717.2109375
129045.4296875
142379.015625
145544.5
126986.5
108290.015625
118510.75
152371.875
132766.625
115118.7890625
133234.59375
141822.28125
141960.15625
136102.0
116701.515625
114470.3984375
108959.6484375
149889.640625
158397.046875
147692.515625
131460.765625
115473.4453125
106664.96875
119837.859375
117804.0
118923.65625
125760.1640625
110879.515625
121038.0546875
124281.4609375
128957.7109375
132515.5625
119128.3046875
117756.0
115553.4765625
156795.03125
135879.640625
153561.359375
119874.8515625
123760.359375
156108.421875
146437.1875
153134.140625
126207.6875
130216.8515625
148932.109375
138429.53125
129025.453125
140061.4375
122894.25
130776.4921875
121164.0546875
113591.2578125
126939.4296875
118841.46875
123946.96875
131119.953125
113161.546875
121475.4375
208933.421875
140077.84375
150036.25
131308.890625
134894.09375
115896.328125
134649.59375
127968.71875
126796.234375
125149.34375
140920.578125
123143.8125
124234.2421875
127907.7734375
112983.7734375
129492.640625
144361.953125
158464.0625
139159.484375
137777.0625
114471.1015625
125271.1796875
131490.15625
134856.203125
129463.859375
128836.5078125
129944.828125
110473.0234375
104377.8984375
125887.734375
138719.6875
107062.8359375
108312.5625
123467.734375
163204.5625
152044.28125
117402.0390625
123730.8359375
125620.8671875
139091.0
120970.8203125
114584.9765625
123863.1796875
113812.21875
139158.34375
142977.203125
149172.28125
122109.8515625
131479.3125
128286.234375
134497.734375
127489.640625
125234.828125
166914.046875
128607.2890625
116310.46875
114298.8828125
118552.8125
139927.453125
155843.75
118203.2265625
116001.703125
129377.515625
134981.390625
149499.40625
136069.671875
142251.234375
107126.3515625
107201.515625
123399.6328125
110416.3515625
125035.796875
154238.421875
128428.625
148048.84375
130376.359375
125476.546875
129104.3359375
113640.3984375
115571.4765625
150110.09375
139317.03125
125843.25
121205.125
103688.9375
111729.796875
106067.5
130847.8828125
125533.6484375
117491.6796875
128042.3203125
159779.28125
128963.359375
112651.625
125753.8203125
119451.234375
113828.8828125
115275.640625
129534.40625
138490.40625
129651.2109375
133551.953125
143093.578125
133412.015625
105756.65625
132051.09375
141227.296875
123735.8984375
131974.671875
116242.734375
129464.4296875
140644.671875
145489.140625
126375.015625
115971.21875
119551.5859375
117384.0625
121968.6796875
133991.59375
159153.1875
122843.4921875
153703.671875
133368.515625
128215.9453125
127239.84375
121978.8828125
119650.59375
119176.828125
129234.625
120221.1171875
125614.5
134441.578125
116979.21875
118385.1171875
155577.4375
124448.34375
119210.890625
137403.171875
147922.921875
145982.890625
146210.453125
136694.421875
113926.0703125
119330.203125
128256.0234375
135727.875
142440.40625
128130.796875
160282.375
117063.7265625
104890.1875
128525.078125
143240.671875
137071.734375
126818.203125
172350.1875
135136.0
137712.796875
124084.2421875
130583.6640625
129300.28125
137295.0
122225.34375
125027.40625
126213.625
116353.1640625
121685.796875
131136.828125
119271.3984375
120602.25
138167.28125
123039.0546875
139933.3125
141764.90625
116093.328125
114211.1171875
121149.859375
119790.828125
151763.515625
127220.875
121669.484375
130038.1640625
125996.2734375
280066.0625
130306.1015625
137181.28125
130981.2421875
138614.234375
129019.546875
143352.625
133224.1875
139109.234375
129857.625
140748.78125
