894269.875
811751.4375
682207.875
556158.5
712527.4375
706341.5
623315.3125
753078.9375
595792.75
786695.6875
438165.65625
539123.1875
576408.125
528629.875
529593.125
467389.78125
731250.6875
429408.5625
706746.3125
765170.5
603824.875
708288.5
674793.5625
553479.9375
735992.75
380183.53125
654657.25
454504.15625
592300.5625
871899.875
495605.84375
579815.5
585659.0625
704081.125
623898.4375
476141.34375
606398.5
512371.78125
631201.875
602703.125
629372.1875
639327.6875
728089.875
602060.0
606772.9375
540090.1875
598294.0625
538523.0
562886.3125
667958.3125
608451.4375
657622.6875
485023.6875
702849.0625
727024.8125
553268.125
519757.6875
402656.59375
612000.625
712282.5
677518.0625
531923.125
796382.6875
649196.1875
637207.25
627040.5
489786.0
622104.0
673803.9375
615854.6875
709138.8125
605153.5625
682184.8125
810757.0625
686326.375
596927.4375
636223.875
559798.875
753350.5625
658011.3125
601099.5625
682716.5625
585968.6875
647949.5
751775.9375
586357.5625
576303.8125
593288.625
646255.1875
606276.125
630358.625
687104.75
831438.8125
748436.9375
679563.5
808227.4375
594886.875
619356.0
787878.9375
724195.8125
787269.9375
699096.375
695515.375
546091.0
707145.1875
745146.3125
751168.5
657800.0625
589145.6875
651880.875
694049.125
713505.5625
706258.1875
607466.625
753280.875
727158.8125
845355.125
670898.125
763757.375
669651.25
648733.6875
745892.25
566652.625
634893.5625
782598.5
804112.4375
856246.75
673873.25
702476.375
561778.5625
638042.875
689726.375
667002.1875
496152.21875
724314.0
553472.25
664513.4375
721971.0625
563767.5625
708242.875
791573.5625
625165.0625
802616.125
660327.1875
607029.1875
637209.125
754098.125
575138.5625
868814.75
630726.8125
519837.8125
647962.0
780738.9375
623997.6875
687581.5625
789297.5625
701656.4375
967554.6875
602793.0625
611395.3125
686306.5625
689199.5
597588.625
515897.75
554234.375
736097.3125
721211.5
645212.0625
718736.0
672072.6875
628858.0
764288.8125
735887.75
814842.0625
575961.3125
608949.75
565551.375
648560.5625
599804.1875
696735.75
594259.75
780265.3125
729144.9375
746640.1875
651306.75
829676.8125
704720.375
755493.3125
665751.25
680375.5
763370.875
790819.625
616718.0
742712.125
755487.625
529240.5625
682630.75
546261.375
713707.0625
754699.25
660454.25
634218.25
564802.0
814011.1875
682474.6875
529223.375
686792.75
777402.5625
864500.6875
615410.5
716593.625
677964.625
792058.5
598201.1875
746188.1875
718563.4375
674709.6875
733320.3125
659465.6875
640567.125
528536.0625
548026.0
756902.6875
597642.375
850804.875
748692.875
648442.4375
636653.75
718170.8125
629876.625
628951.1875
543532.8125
701768.5625
679230.3125
770345.5625
645061.875
652714.4375
619433.5
773188.8125
675892.625
688418.9375
540955.1875
624336.125
684356.0
620765.3125
644289.1875
602636.5
609962.6875
638921.0625
646137.75
621575.1875
644498.5
613972.0625
575148.9375
573490.125
667653.1875
612963.8125
821374.6875
701744.375
701084.25
584231.6875
685473.5625
655598.625
643785.3125
738347.375
687205.875
527590.6875
618841.5625
667685.8125
727965.0625
688487.9375
681799.625
623656.6875
662749.9375
660621.6875
713739.625
651001.75
650578.3125
607231.0625
596536.0
689949.125
694535.5625
560725.0
778273.5625
858226.5
599372.9375
777464.125
611118.5
590822.75
498503.6875
731955.3125
665999.4375
703569.0
701555.0625
746886.1875
746684.4375
663256.25
622607.0625
641725.1875
589122.1875
582899.9375
642358.25
647058.75
571888.1875
640998.5
667057.6875
565643.0
673739.125
628769.1875
562340.4375
631457.5
845746.25
740378.0625
701311.875
608518.8125
553026.1875
654266.8125
625190.1875
639469.8125
714332.125
628405.0625
619796.875
719499.375
547225.3125
673018.5
594999.9375
661749.75
566469.375
575964.0
570385.625
653911.3125
573205.25
521039.28125
672268.4375
757224.625
748538.0
733363.125
564535.875
698877.0
631309.375
636295.25
851552.125
580495.5
619364.25
722866.625
839609.0625
866873.625
673802.75
599786.0
555329.125
509576.75
645026.875
621253.0
591009.625
603356.25
613202.125
692530.1875
545247.4375
556611.9375
501863.375
529434.0
714476.75
600234.4375
488071.21875
630742.0
560663.5625
655388.5625
668870.0
573653.875
650439.1875
570283.4375
636685.6875
673137.875
711105.875
555520.1875
572776.1875
682513.625
555550.5625
621114.8125
562921.5625
594131.4375
654210.875
557357.0
611070.6875
662337.0
810228.0625
751858.875
707555.0625
597843.1875
499271.4375
586725.375
926515.1875
550350.875
561773.375
538101.0
604426.0625
608653.1875
650281.4375
635787.9375
541399.25
525543.0625
662017.125
698522.3125
568321.5
549249.5
578109.25
567641.375
662112.4375
603088.6875
574843.9375
584330.5
513015.6875
638544.25
553106.0
512179.5625
569600.125
703347.3125
628615.4375
580257.4375
531952.75
632070.5625
581038.5
580585.375
507300.21875
642280.9375
655160.625
628332.4375
608365.8125
588895.3125
511094.46875
646172.6875
598110.3125
607618.625
618818.125
522643.625
639556.8125
666364.4375
560046.75
601834.5625
676804.9375
632111.125
539507.875
663580.0625
559245.8125
617068.625
518242.5
684827.25
734430.0625
529723.125
596117.125
586102.5625
555933.875
542847.1875
681367.375
522426.21875
532391.1875
570712.1875
504608.1875
652442.75
647226.3125
739404.0625
638340.25
543991.3125
518877.65625
764416.125
590024.125
550559.75
530333.625
623270.875
548401.1875
653280.6875
675317.125
661358.125
650616.375
506159.6875
685409.3125
526307.5625
551352.5
601614.25
700148.375
504048.40625
496900.3125
581534.5
686063.9375
520912.65625
618800.9375
706797.5
583799.25
671248.5
582895.5
571299.4375
729761.625
535028.5625
637349.1875
688359.875
644616.1875
616571.5625
591968.5625
629682.5625
627450.0625
624697.125
552854.3125
645287.125
486364.75
518853.5625
521071.15625
568372.125
583247.6875
639832.875
609847.375
519835.53125
486817.84375
785058.625
679502.9375
582019.0625
580728.9375
705281.9375
670356.875
653198.5
542012.1875
553180.0
659803.5625
501165.4375
612593.375
535986.75
577963.1875
558706.3125
559546.5
592171.75
686249.625
659618.3125
616822.0
702325.4375
581990.3125
550754.5625
523118.71875
624131.75
532967.1875
589550.25
594420.5
589082.0625
567736.1875
540514.25
541647.3125
504760.65625
527789.1875
555485.75
574711.375
554308.8125
467881.5
563312.375
644832.25
603038.8125
709128.3125
577596.0625
509582.71875
593055.8125
650101.4375
684668.5625
806001.1875
600083.75
485322.0
620998.25
455628.875
494581.59375
575357.9375
573206.5625
521021.5625
639535.875
674764.6875
570290.875
514077.84375
530162.5
535822.5
525230.75
546665.6875
641989.6875
506237.78125
590833.0625
663629.0
599494.375
532060.625
649226.6875
621604.1875
563211.5
543458.125
536256.875
616585.5
510863.84375
535982.3125
567378.5625
643629.125
528019.5
703902.5
507170.875
598573.3125
709725.6875
588152.1875
579184.6875
491033.46875
539807.625
637140.8125
550112.25
687577.5
524192.375
591743.6875
513660.96875
478132.8125
558072.4375
517686.78125
510898.03125
490087.03125
552799.4375
531813.4375
589296.4375
570209.0
669584.4375
542054.25
570605.125
522626.34375
558751.875
506396.53125
506182.875
589344.1875
538479.25
613534.3125
500173.09375
501154.5625
500996.8125
534280.625
565870.6875
706699.0625
532173.75
551628.125
590824.0625
534021.125
567702.8125
589495.1875
500127.46875
563211.4375
586568.3125
720445.125
614049.8125
567750.5
638991.1875
585577.875
557909.125
548564.3125
486240.8125
571501.5625
584374.0625
609481.125
569583.875
541677.5
515799.1875
617597.9375
512206.96875
614080.5
465743.3125
496085.4375
614052.5
558166.5
571153.125
655279.6875
564881.4375
672004.4375
503572.09375
626417.375
546234.5
562362.25
523755.375
485025.96875
523413.75
569014.8125
541720.4375
571574.1875
470448.78125
475093.09375
598940.5625
620373.125
519992.03125
682294.75
655793.5625
533648.5
493846.8125
544373.25
572747.0625
505445.5625
520647.8125
532373.0625
561280.9375
596876.5625
716769.9375
570934.375
493544.53125
580813.5
553835.125
566248.4375
564541.0
643060.375
515212.6875
544682.1875
492371.8125
499481.09375
500552.84375
493688.34375
571129.9375
531545.5625
527661.125
602373.625
480138.96875
566423.0625
496302.5
522530.59375
527713.1875
560580.625
530376.5
575854.5
473168.03125
527325.125
433763.40625
508561.40625
492300.3125
502084.71875
514040.46875
564436.5
523025.90625
470439.90625
516062.65625
531741.6875
546636.25
523432.9375
485463.84375
530763.1875
466763.84375
540187.4375
504134.75
477392.78125
607396.25
510164.3125
583394.4375
536718.25
479474.5
491974.6875
557817.8125
581685.8125
631159.1875
682532.5
493081.1875
513303.9375
494486.03125
468354.3125
545637.25
476399.3125
519729.8125
519450.1875
595795.3125
600216.875
548796.0
485567.03125
520462.0
516374.625
535718.5625
509362.59375
559533.625
545439.0
505204.4375
527966.0
482843.78125
549488.4375
513706.71875
563245.3125
502427.28125
518137.75
521086.3125
625262.9375
552242.0625
629535.75
520587.15625
461740.6875
508639.28125
529880.8125
512926.78125
547708.4375
588804.25
561985.6875
523048.125
500638.375
672071.0
577881.6875
666087.3125
515252.5
748535.1875
486562.6875
631996.0
675740.875
523672.28125
558023.0
600424.125
486860.28125
567124.625
522773.03125
547854.1875
626073.4375
558449.5
594806.125
502985.75
460245.90625
474095.875
497332.0
647779.0
503848.3125
546322.4375
509057.5625
553929.0625
499498.84375
500316.5625
491988.0
447773.21875
479933.25
534364.9375
562338.6875
535209.9375
613182.5625
501849.3125
538623.6875
498923.25
472059.15625
598014.375
537589.8125
579901.375
465001.875
497830.09375
454545.6875
495586.78125
489042.46875
451920.9375
437319.0
490751.84375
520407.875
506532.875
587326.0
581626.125
467396.6875
538094.0625
423644.40625
465089.5
598790.0
589490.0625
492344.9375
518306.6875
658238.0
529283.1875
445117.90625
573428.9375
539414.25
484110.78125
545240.5625
593437.25
426623.875
501198.15625
484512.71875
559304.4375
575134.6875
625540.625
458879.375
539553.875
456681.3125
555307.9375
659970.75
492242.5625
542835.8125
507416.59375
538175.125
550000.5625
547875.4375
522495.5
688042.1875
551391.1875
509954.25
488785.65625
583225.0625
528161.125
523900.1875
551101.9375
455775.3125
512830.25
486195.28125
452509.5
518656.5
471492.25
540088.8125
474192.0
535969.875
589527.4375
534513.5
505317.75
512403.625
483571.96875
437354.625
472383.25
484811.0625
523307.5625
433416.84375
467980.65625
439548.78125
481361.875
522755.53125
519748.75
508885.0
596981.9375
445180.0
582642.5
497664.6875
527089.625
518758.0625
463841.59375
547349.1875
464047.0625
511300.90625
549344.4375
497672.125
456427.4375
526259.25
484465.375
505219.3125
479131.875
566767.1875
501933.1875
580994.875
472942.4375
465329.375
501480.875
532092.125
534720.875
461916.15625
473431.90625
509589.1875
493826.90625
543037.1875
482110.875
520328.09375
540439.125
451254.09375
481265.4375
559701.5625
426331.53125
537645.3125
477802.0
491678.0
457276.0625
467028.71875
520359.75
567198.0625
467908.46875
436089.71875
507452.6875
467989.5
434900.28125
451713.125
495668.59375
524139.78125
541052.625
551103.125
430711.78125
531550.0
467653.71875
528303.1875
574702.1875
560361.5625
470197.0
591451.0
437306.40625
517524.78125
467324.15625
587700.25
453649.03125
492861.375
566842.4375
456483.46875
493849.46875
453958.8125
461764.0
570945.8125
455556.96875
485610.0625
480415.8125
474937.96875
496529.34375
609386.5
525185.8125
474390.65625
533758.3125
539840.5
476871.8125
750841.875
511120.21875
475031.0
650941.3125
523529.4375
506901.03125
500764.21875
487719.3125
504344.28125
509597.71875
417795.9375
515654.9375
453060.0625
418811.03125
563394.0
451083.5625
452019.5
534123.0
435395.53125
460069.40625
451243.25
459470.78125
622624.3125
429884.09375
475691.0
465489.15625
476366.5625
492164.125
547268.3125
539630.625
512893.09375
608605.9375
450694.71875
538049.3125
497789.65625
469854.65625
469553.0
454440.96875
533907.3125
489745.65625
501037.0625
646767.8125
457143.15625
526979.0
500427.78125
452064.125
566879.625
512618.625
486521.71875
472453.78125
484531.40625
481858.875
437118.0
533656.1875
508257.1875
502287.78125
523991.4375
505119.90625
487285.90625
414910.0625
506412.125
461835.0
417235.46875
523062.65625
427734.8125
494890.125
529729.6875
653737.5625
509735.15625
493904.9375
477441.03125
473081.8125
451211.6875
507083.90625
513674.5
628429.25
593927.9375
543457.0625
480530.21875
467270.65625
502609.90625
519263.3125
482411.65625
530898.3125
455462.78125
538408.5
431132.84375
460893.625
457402.9375
442422.59375
448572.0625
424138.4375
516303.96875
429586.65625
548206.125
575870.6875
478589.34375
515630.59375
549367.25
462311.28125
558828.375
409720.90625
529756.6875
432572.46875
450075.875
628121.875
411499.59375
461400.28125
468697.9375
513539.03125
484559.09375
429934.84375
458963.78125
449226.46875
497058.40625
493328.34375
496183.34375
465328.78125
519512.1875
479895.3125
461342.375
435001.03125
456490.03125
425388.15625
435435.5
471021.0
484104.5
493534.625
404167.375
503029.53125
509763.375
420851.0
434232.4375
411230.375
436259.78125
498072.1875
485343.25
416341.125
581314.6875
473316.34375
472045.125
466124.71875
411877.4375
480093.28125
506987.53125
424987.125
502520.40625
436198.5625
452587.84375
576406.6875
486622.15625
471116.96875
456114.25
426542.28125
531569.125
483524.90625
433522.1875
498782.8125
433511.25
442374.3125
530796.625
421833.1875
443432.34375
465406.09375
451281.59375
428631.59375
445328.25
480886.59375
573814.625
535287.4375
482157.90625
541519.0
427337.9375
453395.1875
517041.8125
480634.15625
553277.9375
474293.5625
498467.625
407312.0
468058.90625
507120.5
526679.9375
461950.15625
464878.8125
455189.375
484915.40625
489899.0625
518836.53125
420085.90625
519030.0
497331.34375
566242.5
476748.28125
517805.46875
471186.59375
470104.59375
517270.46875
433970.5
435547.34375
537840.75
516700.6875
559170.375
453765.09375
479550.0625
398337.375
418943.6875
463394.25
467033.0625
364204.0625
489681.4375
402552.0
447529.875
476131.8125
412315.59375
463677.5
506803.09375
421848.1875
562212.75
451771.15625
418294.15625
456826.78125
502655.40625
427587.5
587123.9375
430196.28125
401383.875
425341.75
493749.0
396539.75
453206.5
511857.6875
478323.78125
633537.125
424779.59375
437087.71875
484929.90625
434492.40625
440448.15625
411268.8125
409571.84375
489247.375
486675.25
461495.125
490471.65625
444824.59375
427415.375
525695.875
494935.5625
546499.4375
429714.625
420389.21875
403378.6875
454964.78125
453041.40625
497198.34375
432156.1875
553636.9375
479392.53125
505783.3125
461279.0625
547085.125
469310.9375
486530.59375
440788.3125
487752.0
501371.0625
533490.0
430584.34375
513500.40625
521630.1875
421825.03125
473460.15625
376543.78125
475780.09375
548539.625
451738.03125
426228.0
391196.59375
561808.3125
506453.75
402897.9375
477695.1875
490870.53125
540809.5
431347.40625
511539.84375
498106.1875
525109.5
438912.96875
494999.96875
503385.53125
454923.28125
513829.84375
452261.625
441370.59375
401597.59375
382737.125
519793.09375
421425.25
560873.125
488673.3125
458820.5
435768.0
490327.3125
445932.0
441445.21875
392995.0625
448152.03125
464253.34375
532552.875
451777.75
424169.0625
455880.96875
537748.125
484214.96875
498270.8125
396067.53125
408265.03125
460763.875
441659.59375
438359.96875
427798.65625
436615.65625
479846.90625
450178.0
432199.53125
446533.0625
440443.9375
417472.3125
417130.84375
472532.9375
450701.28125
577464.3125
498111.0
483912.53125
435734.21875
470412.0625
472529.875
443498.40625
503187.03125
474135.4375
380941.59375
423505.84375
466807.6875
498640.3125
468582.28125
465998.28125
452440.21875
453068.96875
471222.5
495774.59375
457256.03125
435016.53125
425327.0
433738.21875
474874.75
508087.21875
417820.65625
537826.9375
596603.125
422112.5625
575371.625
447023.34375
434177.34375
394204.34375
506910.84375
453007.09375
488034.59375
480230.625
505605.78125
533762.0
458420.21875
460308.0625
462836.65625
433754.40625
409216.3125
446981.5625
443243.84375
425633.71875
464619.71875
461464.59375
412530.03125
472434.5625
463677.9375
429995.5
443973.53125
621198.75
527856.5625
492426.71875
428125.90625
407180.96875
480316.4375
449689.90625
453043.5
508560.28125
448962.03125
438816.65625
490042.59375
420764.9375
460224.0
436156.46875
463924.125
412851.5625
426851.3125
398673.96875
480636.6875
423870.40625
387902.90625
461242.59375
545516.8125
523565.8125
517423.8125
402851.1875
494019.46875
464396.65625
453159.15625
586596.4375
405523.40625
450935.6875
514639.125
638037.625
650740.125
478799.0
422159.71875
409326.125
369189.59375
452814.375
423681.6875
412666.8125
426938.40625
458259.1875
491744.21875
413899.3125
416327.96875
379216.5
394052.125
512736.65625
441552.125
383827.625
424526.25
399368.0625
461376.9375
460084.34375
408184.8125
477328.40625
407119.5625
449256.71875
476805.34375
518763.15625
398524.34375
411676.125
474123.09375
402723.96875
432410.28125
406854.59375
455779.125
459127.28125
408292.90625
442552.28125
452427.96875
558543.375
524078.21875
528713.5625
437053.25
364965.90625
411767.875
709595.9375
390165.1875
420026.3125
382106.25
447490.84375
474116.8125
484525.8125
458975.84375
389598.53125
410910.59375
488880.53125
506370.59375
413831.09375
390155.25
425778.0625
410481.5625
473185.875
424672.21875
417369.875
422437.34375
382068.59375
475710.8125
409344.875
403063.90625
446890.9375
535742.1875
465758.09375
462618.21875
405643.90625
458298.4375
410253.46875
415755.75
388579.40625
455324.03125
477217.0625
438772.90625
433216.625
436179.5
394750.1875
459338.9375
446849.5
444538.15625
448191.59375
385179.0
462303.4375
484767.6875
416932.0625
454020.5
487370.25
427293.3125
400690.28125
475367.34375
412375.3125
438889.59375
408626.375
501307.6875
546728.3125
392689.84375
443471.1875
403116.46875
410227.59375
404502.25
474040.875
411955.5625
390615.0
442775.5
392527.53125
472582.46875
489077.71875
530139.875
467296.78125
402439.03125
395206.8125
552012.0
440430.15625
417890.65625
404551.40625
456756.4375
404343.9375
454424.34375
461134.6875
477273.09375
475909.125
374429.9375
494696.46875
413299.5625
413685.5625
422185.65625
511269.0
381335.28125
392118.125
409448.34375
500375.5
404934.03125
461962.40625
503917.96875
430107.78125
507413.0625
405882.0625
442156.96875
510844.71875
406272.375
482999.1875
518441.59375
484039.75
454141.65625
431536.46875
469003.78125
456966.34375
474868.71875
395881.75
464515.40625
384907.15625
397931.5625
404367.84375
417923.34375
419172.8125
466697.875
452426.8125
405406.5625
389590.40625
581438.375
525223.0
428519.6875
434590.25
499814.59375
477442.5625
478606.0
410155.71875
435727.0625
507985.78125
412485.125
483937.78125
393085.0625
422919.09375
412170.3125
446320.875
432059.0
500178.5625
495944.40625
443138.03125
511292.46875
435133.9375
401215.59375
392760.03125
441317.75
393067.09375
422606.9375
469472.125
436041.9375
427129.5
402434.15625
394926.125
383483.0625
382900.4375
412714.90625
419829.8125
426998.21875
379754.34375
426495.78125
489101.78125
459046.84375
525573.375
439089.1875
399839.375
448549.1875
481067.09375
499802.96875
600310.6875
452001.9375
360603.625
461811.03125
355486.5
394114.71875
436915.40625
435929.53125
406740.8125
489467.65625
512003.90625
411282.25
375009.65625
400146.1875
401680.75
390643.3125
407961.03125
508123.03125
399342.8125
423292.8125
493651.625
452679.90625
424428.3125
481428.09375
450236.75
410593.40625
411418.1875
395958.84375
456866.9375
398865.75
397040.0
418012.46875
483137.03125
387044.84375
535597.8125
396979.8125
449640.90625
542041.1875
472015.34375
434123.84375
372719.5625
395033.09375
482241.28125
418091.34375
517342.28125
435194.25
450136.71875
395897.59375
386587.375
419555.90625
390937.125
413888.5
380017.71875
415861.21875
414880.3125
446478.28125
437390.0
519308.9375
414144.03125
436834.5625
389774.59375
440003.21875
398395.90625
403718.0
455553.09375
398951.09375
474950.46875
385302.125
390288.8125
393205.78125
410420.5
406646.3125
522061.34375
408415.65625
417582.5625
447033.40625
406574.0625
445409.25
453668.4375
402309.03125
432389.25
445309.4375
536862.0625
463657.375
440115.96875
476571.40625
455239.25
419359.78125
409284.625
364948.84375
430240.625
429791.25
451005.75
427816.78125
410946.5625
411856.59375
484925.6875
384778.75
474555.59375
367575.0625
417354.40625
465846.0625
414416.46875
438517.46875
476154.90625
422142.03125
506513.78125
396843.46875
495492.28125
411600.78125
443313.6875
391949.09375
371797.65625
407921.0625
437481.03125
410661.0625
421536.40625
370035.46875
370729.03125
443939.0625
469468.6875
397204.625
525090.4375
481885.4375
404387.0
372123.96875
421908.125
429284.25
404427.53125
397259.65625
398986.1875
432246.59375
450895.125
560448.75
443644.5625
374988.53125
467882.625
441274.9375
416140.75
422846.59375
482256.59375
389109.59375
433211.0
383635.3125
377001.40625
404553.5625
399735.65625
436805.59375
396263.375
416258.09375
455051.9375
388490.25
445109.28125
392122.46875
402418.03125
416345.875
438061.90625
401659.25
445324.9375
373651.375
408616.625
356858.875
397423.875
385551.875
398592.125
402780.15625
424702.34375
420068.0625
372018.5
385290.875
431010.78125
411599.34375
414673.1875
397411.6875
402529.90625
379405.6875
396694.53125
404786.96875
353679.53125
459643.28125
405255.03125
463434.59375
432323.5
381070.90625
376859.15625
413049.5
442371.1875
494539.875
525504.5625
392509.6875
395493.90625
401529.78125
370846.1875
434015.28125
362943.9375
400755.59375
396703.78125
474983.21875
466818.25
421306.125
379949.125
418934.625
417968.3125
419119.5625
406353.09375
429786.25
411915.5
396581.375
397822.03125
391493.46875
425185.90625
424473.34375
425511.65625
393345.125
403460.15625
430025.625
475288.96875
430795.28125
492577.375
401561.875
357342.5625
397488.78125
407533.96875
393706.59375
419778.875
442316.4375
436564.96875
408589.6875
398003.03125
527985.9375
448289.0
522960.34375
400484.9375
577750.375
383033.71875
498840.375
529259.1875
413662.15625
425206.4375
460256.6875
391090.84375
441208.9375
381054.53125
432468.9375
492767.84375
409270.90625
459227.75
393278.65625
368166.09375
377542.21875
374084.0
484685.75
372773.96875
434300.8125
394898.96875
424843.5
387674.71875
384280.34375
408513.9375
372156.5625
381180.5625
407872.40625
439327.1875
408507.5
455140.875
405151.5625
453195.625
406618.96875
366009.1875
467134.28125
400127.40625
449283.5625
366947.375
408057.9375
364628.9375
376051.78125
401011.75
365168.375
354596.03125
393883.90625
411966.84375
397377.90625
459290.125
462419.40625
373508.34375
426601.03125
346487.96875
372830.4375
477748.53125
468937.53125
395633.6875
404731.59375
523870.90625
424113.03125
362344.75
436960.21875
431348.0
375665.1875
422797.4375
469440.375
349577.75
397754.0
388449.84375
444233.8125
462877.09375
506772.8125
365925.71875
435542.59375
379126.84375
420849.75
523284.90625
384322.28125
419310.90625
407945.78125
428205.34375
437599.625
421174.1875
413643.375
588692.3125
433510.96875
408868.0625
385751.40625
451117.21875
422964.15625
422356.3125
454987.65625
372148.71875
404052.59375
371945.53125
370288.0625
421810.15625
397650.5625
435276.75
384334.21875
420298.625
459645.28125
421230.03125
404086.9375
418398.0
402325.625
365019.5625
381968.84375
379180.125
413591.53125
356054.875
372680.75
359333.8125
391589.4375
431313.375
415947.09375
392382.4375
478917.78125
364946.28125
444574.21875
388044.09375
415866.5625
424662.96875
394346.0
434236.65625
360544.96875
416721.5
424648.28125
395415.84375
369673.28125
413427.625
373641.6875
411226.9375
389241.5625
469943.1875
412586.25
459680.6875
372592.75
384592.59375
389151.4375
420278.34375
424462.1875
373576.53125
390996.15625
419095.21875
386175.96875
438871.28125
380355.65625
432817.6875
421724.5
360157.40625
374187.03125
441306.84375
364294.09375
422664.03125
381692.03125
401902.1875
376308.71875
389385.9375
403222.09375
443386.1875
365107.875
354268.0625
416060.4375
366951.9375
363718.96875
367394.34375
389919.4375
401609.0
430690.75
431300.3125
354562.84375
427019.25
369791.34375
427180.4375
458458.65625
454986.8125
381811.65625
460662.1875
352549.71875
399973.625
372920.65625
463662.15625
356936.0625
398152.25
455036.53125
381965.3125
394333.46875
364609.96875
382454.34375
458858.90625
371631.4375
388826.40625
383869.125
375497.875
409780.3125
482960.65625
411180.21875
379502.40625
413057.53125
423038.25
382589.1875
618455.25
421700.65625
375862.5625
523984.46875
426473.71875
407163.09375
402360.40625
396568.46875
413058.03125
408053.6875
343446.78125
413121.03125
363278.375
345325.0
451927.1875
363149.4375
382402.90625
424430.03125
359565.53125
374838.53125
366184.15625
377707.5625
497870.15625
359215.34375
376447.46875
377523.75
393602.0625
403428.875
456730.1875
444802.90625
433483.40625
483026.15625
354540.34375
442651.28125
410909.375
377767.90625
380382.15625
371362.84375
414264.6875
394152.59375
413560.0625
531627.0625
376306.1875
431765.5
389685.3125
367175.1875
454086.71875
409556.4375
417002.0
392244.40625
400327.875
388394.71875
358928.71875
440754.40625
423679.53125
429701.125
420028.03125
417926.15625
406802.84375
352566.34375
405533.0625
365437.78125
346136.1875
422796.625
350647.34375
399495.125
422107.40625
520777.0
411353.625
422462.65625
404593.65625
397610.09375
386762.875
411548.90625
439461.84375
548884.375
