5896704.0
5667049.0
5391068.0
5163630.5
5210836.0
5133896.0
4975316.5
5044367.5
4812737.0
4947491.0
4541269.5
4590258.0
4563971.0
4456218.5
4401113.0
4281428.5
4488062.5
4131378.5
4343173.5
4340122.0
4123891.5
4169381.0
4089962.5
3902932.25
4029894.25
3633253.0
3845943.75
3591251.0
3667737.5
3910649.5
3468862.75
3511164.0
3472605.5
3536086.5
3414266.25
3218999.75
3313141.25
3184542.0
3252840.5
3186264.5
3186918.5
3142671.25
3185972.5
3046774.5
3004584.0
2935057.25
2932290.0
2838908.0
2830663.0
2892905.75
2815039.0
2865770.75
2620307.0
2816417.75
2811713.25
2610196.0
2553831.75
2431346.75
2591411.0
2647425.0
2591299.0
2432876.5
2682768.5
2485408.0
2450541.5
2421983.5
2287455.25
2364343.0
2413652.25
2299535.25
2381944.75
2252011.5
2312235.0
2423576.25
2269830.5
2183106.5
2171458.5
2086578.0
2251174.75
2150424.25
2074538.75
2139181.5
2024733.75
2054150.75
2155251.5
1966613.5
1952022.5
1952420.375
1984805.5
1914867.375
1933172.375
1983149.875
2119269.5
2021963.0
1931005.75
2027541.25
1811033.0
1803784.25
1982835.0
1890662.75
1997684.5
1857950.25
1827653.125
1660409.25
1814802.75
1846548.5
1853098.625
1744487.5
1711713.5
1722485.375
1737814.0
1735822.5
1752688.75
1618074.25
1768991.375
1723328.875
1837056.125
1691050.375
1738294.75
1637643.625
1606446.0
1685130.0
1503338.875
1553147.625
1701352.375
1705838.0
1751938.625
1563758.0
1585088.25
1450971.0
1502497.625
1548004.5
1520729.5
1344894.25
1570390.625
1376385.75
1492664.0
1548448.75
1399701.75
1510354.75
1590887.5
1425399.25
1624619.25
1442935.875
1374530.875
1398006.875
1513325.75
1366590.75
1626180.5
1361381.0
1294467.75
1363201.0
1508701.5
1333118.875
1428990.0
1513096.5
1408258.5
1651487.25
1300822.25
1306579.75
1363130.75
1370354.625
1275543.75
1216339.0
1235307.75
1391007.5
1382920.125
1292082.5
1361308.5
1310043.125
1277476.5
1387404.5
1341842.5
1414831.5
1171724.625
1202839.0
1147839.5
1246629.0
1186380.0
1283343.875
1166181.25
1333685.25
1276754.5
1301118.5
1214072.0
1365526.125
1211907.5
1270698.75
1179756.5
1225626.75
1269505.5
1295401.25
1133956.75
1230687.25
1242537.5
1079555.125
1208769.5
1082641.5
1189681.5
1233628.75
1103445.75
1071186.625
1027041.0625
1270894.25
1152369.25
980009.375
1132860.875
1192139.5
1270095.625
1053065.5
1149883.875
1100447.625
1203519.875
1003119.625
1123109.0
1120352.125
1078329.0
1138726.5
1031953.0
1029597.8125
947724.8125
925575.5625
1150458.5
974953.1875
1243269.75
1104622.5
1005839.4375
1002965.875
1095998.375
990249.25
1003330.5
920184.75
1038563.1875
1034027.125
1127901.25
997920.6875
987218.1875
960083.0
1116031.75
1035436.125
1048360.125
903626.375
944103.25
1006363.0
979082.0625
1032095.25
930366.875
942655.9375
970674.5
972902.875
949316.375
964498.375
940011.75
906096.625
893934.75
974605.75
953669.375
1136612.0
1006424.4375
1027013.3125
920804.375
984274.8125
1031594.625
963116.5
1035181.3125
1017798.0
882069.625
912152.5
982587.375
1027097.1875
983508.875
981481.125
922210.4375
945051.125
976991.75
1000544.0
920511.5
922081.9375
892820.5625
892458.125
971723.125
978901.4375
842832.375
1050940.875
1117443.875
870694.5
1058067.375
939046.75
857977.5
804535.375
990728.25
927701.25
966758.375
963498.875
1017570.625
1020586.75
941619.6875
899946.6875
913911.75
890484.75
865622.25
905989.125
908852.625
862196.5625
897306.25
908286.375
833015.75
942634.25
884833.6875
839069.0625
876811.9375
1120986.875
985589.6875
975130.375
865536.75
814234.625
890497.0
859359.375
878311.4375
975300.125
886967.375
880053.75
962866.25
808224.9375
910254.0625
847252.75
889468.375
792351.0
839047.125
806241.5
888415.625
822067.5
790814.6875
904668.0
987942.25
973542.3125
972988.4375
802403.25
917025.625
889539.25
843537.625
1073307.5
814419.75
860847.625
993434.625
1085736.25
1118786.0
912814.5
825923.8125
800183.5
768901.0
863798.0
830244.125
804641.8125
818209.125
844946.5
912194.875
769850.625
778138.8125
736353.9375
801788.4375
915980.0625
823605.5625
733645.125
840255.25
773729.375
916711.1875
887029.0
806311.375
881896.375
788149.3125
855321.0625
870329.125
954758.125
755645.125
806251.75
885808.0
782643.0625
826750.375
782064.3125
830179.125
868853.625
762427.6875
829827.625
869605.8125
1022706.375
969898.625
940178.625
837142.5625
709135.8125
797047.1875
1153634.125
771601.125
784789.875
758365.625
800176.875
894388.3125
876592.6875
831666.5
771726.75
759013.625
883735.9375
921566.25
780114.5625
743908.1875
791973.875
804887.875
862651.0
812858.625
802092.3125
778994.375
719046.5
820858.125
743023.0
740615.6875
790121.9375
914281.5
821453.8125
820568.5
751323.0
821021.5
766040.625
780354.125
727860.1875
841338.875
879363.625
806625.1875
808035.4375
768823.5625
737769.9375
826214.9375
812205.625
822911.25
875685.0
728924.8125
836195.1875
873161.875
746730.25
787336.625
878525.8125
808350.375
746591.0625
843811.9375
760601.625
787746.875
749788.875
898897.0
932216.5
722969.125
801899.9375
792109.4375
753895.5
736725.6875
857366.125
735925.8125
732076.9375
808642.0625
712702.3125
845320.6875
860672.5
921604.375
812893.5625
746037.3125
736016.625
949999.9375
762044.25
738061.75
735547.125
817650.625
725754.25
812105.25
831291.9375
851168.5
841761.75
678513.5
849631.3125
739561.625
731553.75
791240.75
872580.3125
696389.875
685069.5
757249.375
880516.9375
715509.125
814433.9375
875574.75
779734.0
864998.375
747587.0
766041.1875
894891.0625
710102.75
826400.375
891877.625
840801.8125
805513.375
758907.625
819773.6875
791017.5
831949.3125
726602.4375
821393.125
701361.875
728548.125
722787.25
757328.125
767411.625
828699.4375
800349.9375
707208.1875
704219.625
958672.125
845224.0625
767939.625
761821.625
897744.125
842423.25
850307.1875
726895.375
767121.25
839358.8125
723615.125
816833.4375
699985.5625
737802.375
727242.625
743324.5625
751093.8125
853228.4375
835325.25
763276.75
854493.0
751874.5
733058.375
729936.1875
785186.75
701602.375
761367.0
770426.3125
761919.125
734497.8125
730825.75
712512.8125
672603.75
679120.4375
761922.125
749510.75
734058.0
648955.9375
746208.6875
853129.875
786042.5
888670.1875
760009.9375
711783.125
769467.5625
811125.3125
847072.5
967305.6875
790174.875
670627.0
809955.4375
639250.125
685162.375
750627.0625
728714.25
695210.375
812004.25
849378.0
726492.125
667484.8125
698051.3125
714469.0625
695842.5
706997.8125
816729.75
747404.5625
769875.5
830985.25
773600.6875
716096.25
821938.125
776046.5
730203.5625
724495.8125
719466.1875
804662.6875
694715.875
686128.1875
718554.3125
824046.5625
688162.125
888721.5
729272.5
801766.9375
879176.0625
773697.875
764324.875
673484.3125
695518.375
819186.6875
710205.6875
861125.875
744692.875
756070.625
662086.4375
629732.625
719032.6875
709969.25
694608.625
674096.5625
716658.75
706060.75
744418.1875
726897.375
821255.375
705958.1875
729418.1875
707987.5
718569.375
670808.75
684504.75
755910.25
695768.9375
793672.875
681749.625
672625.625
684449.0
714956.6875
705015.25
848221.25
692257.125
690941.625
729862.875
699184.8125
730896.75
753960.9375
668079.5
714578.625
753859.5625
873373.5
761408.6875
724285.375
809499.0
752962.625
731553.8125
743447.5
635151.625
729932.5
732153.375
776209.0625
727067.125
701262.75
690399.9375
773840.5625
673749.875
785718.9375
670726.0
692607.5625
765243.25
709454.0625
716578.75
810976.125
731241.9375
824435.875
662005.8125
798125.375
696082.6875
728236.3125
689451.4375
633433.875
672682.3125
726175.375
694579.625
730507.625
624932.625
625698.6875
763878.5
760319.8125
700254.0
846034.0
818194.25
666124.5
640943.6875
692295.375
717241.875
683709.625
692054.125
679854.875
726881.125
753287.75
871934.4375
732195.3125
641867.0
742218.0
702761.875
717335.375
706624.5625
803618.0
675500.25
720117.3125
642869.0
648117.75
676564.5
677347.125
724734.25
675121.875
687043.625
739935.1875
668611.3125
740483.0
682495.625
670773.0
683471.0625
707398.625
668707.0625
720800.1875
608953.25
673771.75
616540.125
667182.8125
664876.9375
653436.1875
670128.125
686439.125
694927.25
633970.4375
647304.625
777404.125
703088.75
663833.125
645317.75
677536.4375
663698.8125
683453.9375
658337.8125
620935.125
748073.0
645436.125
734219.5
690351.125
669082.9375
645458.5
694731.0
713637.875
778728.0
846196.125
642341.75
680583.5625
670132.375
622242.125
725363.6875
620728.6875
657343.25
677549.3125
773265.5625
753949.0
708573.9375
641213.75
666842.1875
664538.0625
683115.3125
668398.6875
697332.5625
689948.375
660184.8125
663946.0
638230.0
709657.75
671062.125
724529.5625
638500.1875
652067.5625
676807.75
778141.5
689647.5
780888.375
659319.4375
610319.1875
648833.375
676180.75
674313.625
691587.125
734989.5
723281.0
677927.6875
625000.3125
823838.5
714668.3125
852307.1875
687714.25
900338.75
649209.4375
811633.1875
813735.0
662248.6875
699838.375
726610.0
648854.875
713678.875
656135.375
721084.375
792420.4375
682518.5625
743401.875
671402.8125
615523.375
618196.875
629403.625
786093.5625
636997.0625
696685.875
659573.8125
698439.625
649101.625
637072.4375
705108.0
607146.625
617002.125
692179.4375
706930.75
673765.25
730620.8125
637182.0
707152.75
652563.875
593523.0625
739758.3125
677880.625
732152.5
623216.5
629704.375
593514.0625
620496.875
663606.75
623659.125
613583.875
631026.75
649623.8125
631812.8125
719896.0
717308.0
626767.625
679204.0625
572778.625
620356.4375
735646.1875
744009.0
660055.25
660249.0625
799528.75
668506.5
617251.5625
730533.5
698650.875
619391.0625
691786.25
762376.5625
588201.3125
659612.5
628767.6875
715402.375
770889.625
787493.5
616018.75
707105.9375
597000.625
684002.5625
803610.125
618423.1875
685071.875
652819.75
672218.375
689546.0625
676519.375
665033.8125
891716.25
734442.1875
698687.1875
638457.0
735441.6875
655478.4375
670424.125
691070.25
614433.9375
654806.1875
625840.125
600337.875
659663.375
638752.25
687818.5
617154.25
687817.375
753155.0625
683223.8125
661813.375
654844.625
635134.875
591592.125
624315.1875
625741.1875
660182.125
592163.625
603703.125
569042.6875
619547.25
684170.875
652961.25
636227.1875
736503.25
638529.75
751883.5
632345.875
667861.375
673016.625
634770.0
690776.375
589896.8125
657143.875
677572.75
660977.375
622357.5625
683543.0
620617.875
656501.5
629873.8125
737110.125
653487.375
706502.125
641939.25
619770.125
634746.0625
672635.8125
670968.0625
606529.8125
645277.375
648218.625
626459.6875
690354.9375
628649.8125
691841.0
689150.125
611284.5625
614184.875
690805.3125
568547.3125
661158.625
617304.4375
673573.125
598756.0625
628476.6875
664190.375
693586.9375
607121.1875
570706.25
639014.375
615986.375
590504.9375
591694.375
626892.125
642653.875
670357.8125
666996.875
587415.75
673092.0625
599052.25
681722.4375
756852.4375
714825.375
609871.25
729037.9375
570596.375
644373.5
602922.4375
734986.9375
614525.9375
642090.0
707386.3125
618205.375
655508.5
583298.625
621368.625
715249.0
604537.125
646476.3125
612095.625
634154.0
662164.875
758054.25
663997.1875
603620.625
662018.5
668635.9375
620890.625
902507.6875
685350.3125
614072.875
810480.0625
674513.5625
651581.5
637221.4375
625390.25
638728.625
652717.1875
566482.25
651961.5
586480.75
562169.3125
694448.8125
588271.0
621497.375
674226.1875
564280.25
613978.6875
608322.1875
610165.25
765937.125
594058.9375
604036.25
595234.125
610652.5
630727.3125
697228.0
683066.25
695751.125
733877.5
561055.0
687032.4375
655683.75
616102.625
612831.0
621934.75
679128.625
653426.625
640830.75
804872.6875
605667.0625
668041.6875
624435.8125
591259.5625
705165.8125
653591.0625
631895.0
613655.25
614788.5625
613101.125
585680.625
684325.5
672342.0
669175.375
657772.375
647221.5625
633383.0
550534.4375
656877.8125
608789.75
561364.75
680974.875
582746.625
765857.375
665272.5
801558.875
649008.8125
641266.375
619531.875
626288.5625
588817.125
672636.0625
654973.75
829381.9375
755381.9375
713679.375
627304.5
632688.6875
651133.125
658613.0
661929.0625
691223.125
596849.25
690731.0625
564669.125
603109.0625
597725.4375
584951.25
620450.5
595682.25
677604.3125
576650.25
687120.875
718078.625
611029.0
677954.5
729004.1875
625330.125
696006.6875
574258.75
646176.8125
562361.625
562836.0625
785423.3125
545538.6875
605138.75
603351.25
635121.25
645830.6875
565400.5625
599809.625
604755.25
629007.625
641358.8125
629258.5625
599907.1875
659431.25
627531.25
592339.4375
597302.625
604891.8125
574096.75
582964.125
583393.5
642430.125
637021.5625
549287.875
649169.375
649182.5
548625.75
577750.875
594481.5
569754.1875
645245.3125
624219.25
561744.0
736937.125
602142.0625
605477.1875
595951.25
560424.625
639277.0
646601.8125
539764.0
659973.625
574892.3125
577066.4375
725364.0
623133.1875
617396.8125
581574.4375
567404.5625
667321.1875
617371.125
564551.4375
630160.6875
558961.3125
588058.6875
683823.0
548835.875
602865.375
607443.8125
590561.75
579870.875
599704.8125
637052.25
698201.5625
679910.0
589385.875
662535.3125
558277.25
588461.0
656335.0625
622855.375
719159.5625
609817.0
621379.8125
540344.125
612352.5
656129.375
716511.5
607713.375
615740.625
597154.4375
632576.6875
607045.8125
666630.8125
563582.5
659062.6875
624663.5625
714348.875
634432.125
645339.125
598731.1875
600329.9375
658770.6875
569122.3125
565809.75
666020.25
639023.5625
694498.625
573114.1875
597679.0
551708.125
553590.5625
608040.25
619682.75
506930.8125
633111.5
523118.5625
579516.3125
608130.9375
565431.375
605874.875
645048.25
571268.375
716467.5
575557.1875
550235.25
592944.125
625962.25
606138.4375
741630.375
554697.75
536021.6875
553280.5625
630312.9375
542074.875
624651.4375
654786.875
603120.25
772227.25
561272.8125
588709.1875
624878.875
578518.6875
601346.125
574143.125
563354.375
626742.75
629057.375
603414.0
626514.0
591662.125
589367.25
672362.3125
643471.625
664737.75
565796.0
562155.75
536068.4375
591450.625
592445.0625
631603.8125
568484.625
702351.5
626916.6875
664682.5625
611097.0
688550.5
597053.9375
621389.375
584653.3125
636213.0
637227.125
674915.5625
568213.375
638347.125
670765.5
553654.75
626735.375
541180.4375
628376.375
705921.1875
576517.75
549474.8125
538465.375
692511.5
642769.0
562479.75
619768.375
634523.625
664589.4375
612468.9375
658040.1875
640857.0
681206.8125
582773.5
605071.0
636350.75
615795.9375
649406.25
575409.5
580864.25
546306.375
537342.625
657600.4375
571201.8125
707999.625
599038.625
596164.125
570299.3125
641874.375
586802.4375
581190.4375
532901.9375
578345.125
587649.625
686936.875
583467.0625
574858.75
605830.25
659714.375
634878.9375
638654.625
540311.0625
543843.75
590075.3125
592285.125
571772.5
567141.625
563982.1875
661669.625
605066.75
568882.625
591483.4375
579808.8125
543557.3125
538204.875
600066.5625
607281.875
705583.5625
637590.75
612899.0
570945.75
590466.375
621441.125
615687.5
637158.75
633111.125
529338.6875
543083.4375
599771.9375
650064.0
601064.625
603629.9375
586454.5
572937.6875
613957.125
615464.5
568612.375
551622.0
561471.8125
573551.0625
613731.375
663586.5
556168.5
663813.5625
718483.25
566701.625
732734.5
616399.125
567882.5625
553345.5625
639773.9375
577444.125
618579.5
599739.5
624750.4375
694277.375
608556.75
606051.5625
593338.6875
568059.1875
546358.0625
560344.625
572561.75
597666.875
582816.125
592131.875
562979.625
620863.3125
581755.75
566735.125
604987.25
775719.875
660291.75
678918.5
559872.875
544818.875
613336.375
566507.875
580699.0625
631819.9375
577324.3125
574479.625
605188.8125
562658.1875
583075.5625
564192.0625
590909.625
548441.25
570247.0625
528643.6875
617124.5
569669.25
554415.0625
589854.25
670996.8125
657458.125
658343.25
539834.375
615835.5
609852.5625
561726.0
718736.875
547066.4375
606017.8125
675569.25
762417.3125
794303.25
623104.25
557575.6875
557361.6875
515016.8125
582840.4375
536049.25
554055.375
549859.8125
608814.125
622918.5625
537142.8125
545996.1875
518249.28125
567238.875
644183.375
570371.125
525370.125
549250.875
529658.6875
602750.375
593916.1875
533057.625
607086.0
541007.3125
578147.5
596884.875
670812.1875
517366.09375
573071.9375
608006.625
550018.375
578438.4375
554935.5
582964.625
600741.4375
535989.75
594163.625
591615.25
692173.25
658145.125
669860.875
572887.125
489289.28125
530637.6875
857958.0
541071.625
564602.6875
524406.625
564322.25
657563.9375
641835.9375
589619.0
521281.8125
556691.625
621135.875
638394.375
556168.75
512877.71875
559324.875
543560.3125
607341.0625
554115.6875
572414.3125
551625.25
521130.59375
597365.6875
532284.3125
550024.875
604236.75
676327.0625
590769.25
605617.5
543238.3125
575807.5
538151.3125
555828.5625
509188.46875
585925.6875
612200.5
558232.5
572140.75
553405.25
537313.75
596635.5625
593264.625
590466.9375
593944.75
512185.21875
610190.375
607936.625
550092.125
579577.125
621818.4375
554039.5
533561.375
592390.875
552088.375
550503.375
566078.5
645240.625
682108.0
516470.5
579273.9375
533264.25
548024.125
529645.75
598256.0
572032.625
522948.5
604253.6875
519634.125
605039.9375
633488.875
654222.875
578489.625
548553.25
539420.125
671388.6875
565106.25
558839.0
544382.0625
596072.0
534243.875
568434.5
570538.625
610815.3125
627126.875
493723.4375
618438.0
568654.75
556797.75
559293.6875
633243.3125
523858.6875
527261.625
546192.25
641654.0
539403.125
598344.375
617209.3125
543970.9375
640226.125
523692.03125
590143.375
627049.0625
538901.8125
625684.4375
655285.625
608671.75
595221.9375
552396.375
622600.75
589421.625
632141.25
516195.8125
593366.5
529128.5
547858.9375
540603.375
565789.75
557754.0625
601179.1875
587401.125
549314.875
539990.5
721422.5
648385.75
563035.1875
584823.4375
650635.8125
596015.3125
616076.125
524485.375
583643.875
645055.75
561832.25
629068.0625
517916.65625
549342.1875
551500.375
579677.375
555841.8125
630548.875
626935.125
548505.25
629123.8125
557702.6875
561749.625
570447.75
575477.5
520612.03125
548912.375
592744.125
553042.0625
547764.6875
554967.0625
535135.375
518042.8125
494709.0
564612.375
545732.125
559739.5
517631.90625
554170.4375
651011.4375
582532.125
650661.4375
566014.5625
533515.125
592832.125
611024.8125
631334.75
719254.625
587510.125
501926.9375
643219.5
489108.75
529928.0
563345.3125
551877.375
538203.25
615908.3125
650041.25
533435.125
495270.875
522486.375
527174.375
515598.25
525795.875
647355.8125
583957.5
555558.5
633271.25
584028.875
548062.5625
606237.8125
575654.75
538058.1875
555318.875
547437.0625
608600.25
537839.375
513066.6875
536620.0
627948.6875
512100.625
675548.875
574975.0
600713.25
679509.8125
607920.0
573373.0
514918.5625
521251.53125
635737.9375
545833.5625
648758.625
602925.375
594699.5625
530899.9375
505586.0625
567070.9375
542332.0
562081.3125
506964.71875
547692.0625
550133.0
573194.0
570050.9375
646068.8125
551637.0
580115.125
543849.1875
575347.4375
516343.53125
531960.875
590487.0
526098.75
613403.75
517129.96875
542450.375
549691.0625
558959.375
517968.8125
654512.6875
542885.875
527824.3125
560993.25
548718.375
571246.625
575635.6875
540121.5625
552142.875
588796.625
681026.5
580247.5
551329.25
612953.75
592264.625
558385.5
579510.8125
489253.53125
564883.8125
554067.75
592014.25
548568.5
523717.84375
544036.0625
621800.75
501236.65625
617957.5
522366.9375
568736.25
595293.125
534062.25
568797.625
609631.3125
554373.0625
634981.3125
510882.21875
613887.1875
532754.6875
579034.9375
535435.9375
490141.625
526099.0
558241.0
532846.9375
553448.625
498268.9375
496163.59375
591736.3125
595469.125
544526.75
664107.0
610898.625
512484.375
497678.46875
540244.4375
566445.25
552307.375
525375.6875
519578.0625
580383.5625
573381.3125
687142.875
583490.125
500602.65625
608126.5625
557786.25
561916.4375
540343.0625
609711.9375
522144.6875
577348.875
504688.71875
507974.625
548184.125
546103.0
564557.75
522597.78125
547966.25
570033.4375
541229.0625
587315.875
564054.75
526544.25
539633.875
560258.75
511987.0
567251.875
486511.25
536188.5
509004.78125
542986.625
554571.875
529328.125
540982.375
532753.6875
562656.375
513924.28125
507204.59375
627603.375
531924.3125
528327.25
524036.875
511157.0
545533.625
504296.75
543216.25
487071.8125
579267.125
516830.375
587657.9375
568327.75
546544.75
518780.0
528998.875
561505.5
616807.375
664127.0
522370.5
545919.0
557029.0625
498775.1875
590826.125
483769.9375
522309.1875
536819.75
631600.5
592879.9375
573546.75
508146.1875
536438.875
547782.125
545129.125
533581.9375
542969.375
533083.8125
523597.71875
513886.96875
516014.96875
556018.375
551965.1875
567560.75
517597.8125
531015.25
566996.875
612400.75
549753.6875
615743.5
518559.5
485551.75
534063.25
534194.9375
539040.8125
551747.75
586494.8125
590796.5
541253.625
507675.4375
672156.125
577587.375
689156.375
536444.0
713861.25
510119.125
665021.625
652019.625
534189.125
548171.375
576725.8125
524435.375
559942.5625
505692.25
566544.8125
630813.25
524376.0
585824.0625
550812.1875
504412.75
509457.59375
490617.3125
613456.375
480520.75
568364.875
529105.0
564216.0
513851.75
504927.9375
588271.6875
499873.78125
510226.0
550251.4375
584871.6875
535494.0
563430.875
523662.3125
605567.5
539385.625
481127.96875
600368.875
541949.6875
591243.75
503049.375
524759.4375
479099.34375
485011.4375
550901.375
523565.4375
502288.5625
525344.6875
527440.3125
504042.875
579128.0
580223.375
492432.0
552361.1875
457367.5
493868.5
602030.0
597895.25
528149.25
523859.90625
641626.875
539666.5
519139.78125
572839.875
584909.375
495540.03125
546557.8125
625548.8125
496014.9375
550888.125
514657.53125
574450.6875
611809.1875
645202.375
494951.1875
575604.0
502021.09375
551626.25
644448.9375
497913.53125
546250.3125
526787.25
552152.3125
568719.5625
534335.75
535118.8125
797625.75
573588.8125
558904.3125
517060.3125
586011.3125
538860.5
557005.875
582956.375
498944.9375
529201.9375
512866.125
493431.875
546044.375
525558.3125
548260.5
513826.875
564660.5625
618109.375
560389.5
541864.0
532869.125
527596.8125
496509.71875
516825.0625
508644.0
542428.0625
485999.6875
483153.78125
463711.71875
517477.1875
570033.0625
523009.9375
500695.0
602385.5
528150.875
596618.5
505446.125
539597.375
550283.8125
533437.0
555207.5
475129.9375
540584.6875
538460.5
534574.1875
512650.5
562599.875
495751.53125
542706.25
517527.8125
604440.9375
540075.875
584915.5
539506.8125
513199.875
505461.90625
534577.25
543015.0
513504.0
546839.875
537298.4375
502177.6875
568248.8125
515337.0625
582317.125
557794.1875
502408.625
481313.375
548508.375
487693.71875
533080.375
506727.8125
556140.625
504737.34375
537434.75
533598.4375
568862.75
494212.21875
467908.46875
531631.9375
517062.03125
503036.0
493237.59375
511124.5625
505297.9375
542420.5625
537367.8125
485410.71875
552552.875
487283.03125
555222.75
618237.9375
583950.1875
494463.28125
586416.0
472000.9375
513802.5
488196.3125
593196.5625
495426.46875
527803.4375
588588.5
525058.875
527745.5
470366.625
514505.4375
600086.1875
495367.34375
520801.0625
500111.875
504962.3125
550425.0
628449.8125
537555.25
495473.625
532609.125
540422.3125
504557.875
752446.875
580853.875
498706.0625
677688.125
559842.25
535379.0625
529600.25
518547.34375
532708.625
527230.5
472681.40625
533342.125
488892.875
479766.5625
568906.375
481534.5625
537980.375
548878.375
478776.4375
512241.6875
514107.0625
523690.4375
644080.625
495909.75
490373.53125
496853.9375
521858.09375
539156.75
599170.625
572933.6875
593765.75
600089.875
459430.53125
571176.375
554150.0625
514839.625
507200.375
543713.0
549400.6875
531865.375
537644.3125
662210.75
505606.46875
569060.5
511910.65625
492202.59375
580300.375
525909.625
538687.8125
523381.25
519599.28125
508996.96875
497096.0
563793.4375
563612.875
571466.0
536121.375
532137.25
527952.6875
472357.1875
557296.5625
492658.65625
467805.6875
552834.8125
476643.625
679561.1875
552413.5
657958.25
542334.875
561076.875
533613.1875
540962.75
519987.0625
550658.125
569319.5
689633.125
